image: map.pgm
resolution: 0.020000
origin: [-17.000000, -20.840000, 0.000000]
negate: 0
occupied_thresh: 0.65
free_thresh: 0.196

